6.337066292762756348e-01 6.161766052246093750e-01 2.410335987806320190e-01 3.133489191532135010e-01 3.012527823448181152e-01 3.035369813442230225e-01 2.851444184780120850e-01 2.614082098007202148e-01 2.107031792402267456e-01 1.859953999519348145e-01 1.673223823308944702e-01 1.276185214519500732e-01 1.235848218202590942e-01 1.232687830924987793e-01 1.215291395783424377e-01
6.029192209243774414e-01 6.029145717620849609e-01 3.111607432365417480e-01 2.938807308673858643e-01 3.004866838455200195e-01 3.019576072692871094e-01 2.561407089233398438e-01 2.094456404447555542e-01 1.564117074012756348e-01 1.844644397497177124e-01 1.665347814559936523e-01 1.536789834499359131e-01 1.270427256822586060e-01 1.228290200233459473e-01 1.225837245583534241e-01
5.680485963821411133e-01 5.680364370346069336e-01 3.029841780662536621e-01 2.869702875614166260e-01 2.929030954837799072e-01 2.942739427089691162e-01 2.506653666496276855e-01 1.583735197782516479e-01 2.058349698781967163e-01 1.817623376846313477e-01 1.642970591783523560e-01 1.520218402147293091e-01 1.252811700105667114e-01 1.212707310914993286e-01 1.210365891456604004e-01
5.215871334075927734e-01 5.215898156166076660e-01 2.902955412864685059e-01 2.762214243412017822e-01 2.811062335968017578e-01 2.823178172111511230e-01 2.420590072870254517e-01 1.616958975791931152e-01 2.001132816076278687e-01 1.774618625640869141e-01 1.607247740030288696e-01 1.493730992078781128e-01 1.224351301789283752e-01 1.187541559338569641e-01 1.185371801257133484e-01
4.720259606838226318e-01 4.720317125320434570e-01 2.742500901222229004e-01 2.625915706157684326e-01 2.671464383602142334e-01 2.661416232585906982e-01 2.309904992580413818e-01 1.664616018533706665e-01 1.926680505275726318e-01 1.718327850103378296e-01 1.560286730527877808e-01 1.458847373723983765e-01 1.186297237873077393e-01 1.153929457068443298e-01 1.151968762278556824e-01
4.243365228176116943e-01 4.243353009223937988e-01 2.560787200927734375e-01 2.471165359020233154e-01 2.499020397663116455e-01 2.491351068019866943e-01 2.182096540927886963e-01 1.727882176637649536e-01 1.839538663625717163e-01 1.651957929134368896e-01 1.504634320735931396e-01 1.417403668165206909e-01 1.143914759159088135e-01 1.137923151254653931e-01 1.140230447053909302e-01
3.808464109897613525e-01 3.808412551879882812e-01 1.808340549468994141e-01 2.369028329849243164e-01 2.044472396373748779e-01 2.307519763708114624e-01 2.316407859325408936e-01 2.311273515224456787e-01 1.744309365749359131e-01 1.578835695981979370e-01 1.442950814962387085e-01 1.371334791183471680e-01 1.200039386749267578e-01 1.195778921246528625e-01 1.087925061583518982e-01
3.423685431480407715e-01 3.423641920089721680e-01 1.908018290996551514e-01 2.176322340965270996e-01 1.903380155563354492e-01 2.142877280712127686e-01 2.129699438810348511e-01 2.132316231727600098e-01 1.645211577415466309e-01 1.502075344324111938e-01 1.377811431884765625e-01 1.322498619556427002e-01 1.270127445459365845e-01 1.267482638359069824e-01 1.145880967378616333e-01
3.089386224746704102e-01 3.089355826377868652e-01 2.029420733451843262e-01 1.763874441385269165e-01 1.989418566226959229e-01 1.983070373535156250e-01 1.953294724225997925e-01 1.953091174364089966e-01 1.545824557542800903e-01 1.424379348754882812e-01 1.311492770910263062e-01 1.272528171539306641e-01 1.355581432580947876e-01 1.353126764297485352e-01 1.249171495437622070e-01
2.175620049238204956e-01 2.802258729934692383e-01 2.802237570285797119e-01 1.832155436277389526e-01 1.812893152236938477e-01 1.785852462053298950e-01 1.783832907676696777e-01 1.629680842161178589e-01 1.457113772630691528e-01 1.452638506889343262e-01 1.367406100034713745e-01 1.354857832193374634e-01 1.448945999145507812e-01 1.347942948341369629e-01 1.245919764041900635e-01
2.350248992443084717e-01 2.557551860809326172e-01 2.557538151741027832e-01 1.574738025665283203e-01 1.565902382135391235e-01 1.692630797624588013e-01 1.649545580148696899e-01 1.630736291408538818e-01 1.626745015382766724e-01 1.503312885761260986e-01 1.500862687826156616e-01 1.483551561832427979e-01 1.288760602474212646e-01 1.356661617755889893e-01 1.274403482675552368e-01
2.557538747787475586e-01 2.350248694419860840e-01 2.350269556045532227e-01 1.707972288131713867e-01 1.692635416984558105e-01 1.649545580148696899e-01 1.626744717359542847e-01 1.367177069187164307e-01 1.356660723686218262e-01 1.565899252891540527e-01 1.500863432884216309e-01 1.489206701517105103e-01 1.483551114797592163e-01 1.386325359344482422e-01 1.270379573106765747e-01
2.802244126796722412e-01 2.175652831792831421e-01 2.175616025924682617e-01 1.855863928794860840e-01 1.832158714532852173e-01 1.812891960144042969e-01 1.783836334943771362e-01 1.452640891075134277e-01 1.449160277843475342e-01 1.448949277400970459e-01 1.367406547069549561e-01 1.354858130216598511e-01 1.361835747957229614e-01 1.279556453227996826e-01 1.245916634798049927e-01
3.089361488819122314e-01 2.029462009668350220e-01 2.029423117637634277e-01 2.016760855913162231e-01 1.953293979167938232e-01 1.989420801401138306e-01 1.983073949813842773e-01 1.533982604742050171e-01 1.545825302600860596e-01 1.353127807378768921e-01 1.311491727828979492e-01 1.272528469562530518e-01 1.240661889314651489e-01 1.248595342040061951e-01 1.249170303344726562e-01
3.423644304275512695e-01 2.187892049551010132e-01 2.176323533058166504e-01 2.142877578735351562e-01 2.132315784692764282e-01 1.908061355352401733e-01 1.908014863729476929e-01 1.645212620496749878e-01 1.620207726955413818e-01 1.377809792757034302e-01 1.322496682405471802e-01 1.267481893301010132e-01 1.140577495098114014e-01 1.149179711937904358e-01 1.145881712436676025e-01
3.808413445949554443e-01 2.364919483661651611e-01 2.369024455547332764e-01 2.307536154985427856e-01 2.316408455371856689e-01 1.808387488126754761e-01 1.808342486619949341e-01 1.744309812784194946e-01 1.705671101808547974e-01 1.442951709032058716e-01 1.371335685253143311e-01 1.195782050490379333e-01 1.087925434112548828e-01 1.066871508955955505e-01 1.067253351211547852e-01
4.243356585502624512e-01 2.560786306858062744e-01 2.541507184505462646e-01 2.471173554658889771e-01 2.499018758535385132e-01 1.727924495935440063e-01 1.839538663625717163e-01 1.787486523389816284e-01 1.727881431579589844e-01 1.504625976085662842e-01 1.417397558689117432e-01 1.137924566864967346e-01 1.140227839350700378e-01 1.113299354910850525e-01 1.112744435667991638e-01
4.720320701599121094e-01 2.742500305175781250e-01 2.625919580459594727e-01 2.709140777587890625e-01 2.671467065811157227e-01 1.926682889461517334e-01 1.862147599458694458e-01 1.664654910564422607e-01 1.664612740278244019e-01 1.560283154249191284e-01 1.458837985992431641e-01 1.186299100518226624e-01 1.139761433005332947e-01 1.153931468725204468e-01 1.153191030025482178e-01
5.215901136398315430e-01 2.902950644493103027e-01 2.762211859226226807e-01 2.857338190078735352e-01 2.823174297809600830e-01 2.001130580902099609e-01 1.925816088914871216e-01 1.616991758346557617e-01 1.616959273815155029e-01 1.607241779565811157e-01 1.493723392486572266e-01 1.224351376295089722e-01 1.171454638242721558e-01 1.186632439494132996e-01 1.187542974948883057e-01
5.680359601974487305e-01 3.029839694499969482e-01 2.869701087474822998e-01 2.974621951580047607e-01 2.942733764648437500e-01 2.058350741863250732e-01 1.974692493677139282e-01 1.583764404058456421e-01 1.583734899759292603e-01 1.642970144748687744e-01 1.520213484764099121e-01 1.252812445163726807e-01 1.195191144943237305e-01 1.211657151579856873e-01 1.212706267833709717e-01
6.029151082038879395e-01 3.111604750156402588e-01 2.938804924488067627e-01 3.050228953361511230e-01 3.019571900367736816e-01 2.094455957412719727e-01 2.005502432584762573e-01 1.665343940258026123e-01 1.536782234907150269e-01 1.564147025346755981e-01 1.564118713140487671e-01 1.270427107810974121e-01 1.209896132349967957e-01 1.228290274739265442e-01 1.227152645587921143e-01
6.161836385726928711e-01 3.139893412590026855e-01 2.962681949138641357e-01 3.076393604278564453e-01 3.046103715896606445e-01 2.106801718473434448e-01 2.016036361455917358e-01 1.672965884208679199e-01 1.542423069477081299e-01 1.557663232088088989e-01 1.557632237672805786e-01 1.276392340660095215e-01 1.214876919984817505e-01 1.232401654124259949e-01 1.233568266034126282e-01
