1.730391085147857666e-01 7.178833335638046265e-02 6.647567451000213623e-02 6.265467405319213867e-02 5.186970159411430359e-02 4.757569357752799988e-02 4.758116975426673889e-02 4.758024215698242188e-02 4.758024960756301880e-02 4.363546147942543030e-02 4.352457821369171143e-02 4.758022725582122803e-02 4.758020490407943726e-02 4.758026823401451111e-02 4.758024215698242188e-02
5.797435343265533447e-02 5.797439068555831909e-02 4.968302696943283081e-02 4.335035383701324463e-02 4.335044696927070618e-02 4.335048794746398926e-02 4.335035383701324463e-02 4.335037618875503540e-02 4.968297854065895081e-02 4.541524499654769897e-02 4.541518911719322205e-02 4.968300089240074158e-02 4.968299716711044312e-02 4.541525617241859436e-02 4.541523009538650513e-02
5.812019109725952148e-02 5.812019109725952148e-02 5.171453952789306641e-02 5.171455070376396179e-02 5.171452462673187256e-02 5.171450600028038025e-02 4.319172725081443787e-02 4.319176450371742249e-02 4.283261671662330627e-02 4.283256083726882935e-02 4.283259436488151550e-02 4.283260926604270935e-02 4.283256828784942627e-02 4.319170489907264709e-02 4.319165274500846863e-02
5.834723263978958130e-02 5.834725126624107361e-02 5.366039648652076721e-02 4.327382147312164307e-02 5.366041883826255798e-02 4.327379167079925537e-02 5.366040393710136414e-02 4.198384657502174377e-02 5.366035550832748413e-02 4.198385775089263916e-02 4.198385402560234070e-02 4.198376461863517761e-02 4.198379814624786377e-02 4.198372736573219299e-02 4.090923815965652466e-02
5.863477662205696106e-02 5.863482877612113953e-02 5.549899116158485413e-02 5.924894288182258606e-02 5.924885347485542297e-02 5.549902841448783875e-02 3.943502157926559448e-02 4.082446545362472534e-02 5.549900978803634644e-02 5.549905449151992798e-02 4.082440584897994995e-02 4.082446917891502380e-02 4.082443565130233765e-02 4.082446545362472534e-02 4.082444310188293457e-02
5.895958840847015381e-02 5.895958468317985535e-02 7.321002334356307983e-02 5.720223113894462585e-02 7.321002334356307983e-02 5.720231309533119202e-02 5.720219016075134277e-02 3.865123540163040161e-02 5.720220878720283508e-02 3.938036039471626282e-02 3.938038274645805359e-02 3.938044235110282898e-02 3.938044235110282898e-02 3.938042372465133667e-02 3.938040509819984436e-02
8.707099407911300659e-02 8.707116544246673584e-02 5.929949507117271423e-02 5.929957702755928040e-02 5.873426049947738647e-02 5.873435735702514648e-02 5.873424187302589417e-02 5.873424559831619263e-02 3.772472217679023743e-02 3.768169507384300232e-02 3.768167644739151001e-02 3.768154978752136230e-02 3.768159076571464539e-02 3.768164291977882385e-02 3.768163546919822693e-02
1.011126339435577393e-01 1.011126562952995300e-01 6.005238741636276245e-02 5.963850021362304688e-02 5.963848903775215149e-02 6.005229800939559937e-02 6.005230173468589783e-02 6.005239114165306091e-02 3.666485846042633057e-02 3.575997054576873779e-02 3.575994074344635010e-02 3.575989976525306702e-02 3.575992584228515625e-02 3.575991466641426086e-02 3.575989231467247009e-02
1.152498424053192139e-01 1.152498573064804077e-01 6.110728532075881958e-02 5.996840074658393860e-02 5.996850132942199707e-02 6.110731884837150574e-02 6.110723689198493958e-02 6.110723316669464111e-02 3.547748178243637085e-02 3.510755300521850586e-02 3.510748967528343201e-02 3.364689648151397705e-02 3.364691510796546936e-02 3.364689648151397705e-02 3.364691138267517090e-02
1.291754245758056641e-01 1.291754990816116333e-01 6.184541806578636169e-02 6.029085442423820496e-02 6.029092893004417419e-02 6.184560805559158325e-02 6.184553727507591248e-02 4.028962180018424988e-02 6.184555217623710632e-02 4.028949514031410217e-02 3.416546806693077087e-02 3.137264400720596313e-02 3.137264028191566467e-02 3.137267380952835083e-02 3.137261793017387390e-02
1.423884332180023193e-01 1.423884630203247070e-01 6.061634793877601624e-02 6.061637774109840393e-02 6.221076473593711853e-02 6.221080571413040161e-02 4.579982161521911621e-02 6.221072375774383545e-02 4.579970613121986389e-02 6.221066787838935852e-02 3.273008018732070923e-02 2.896393090486526489e-02 2.896392717957496643e-02 2.896394766867160797e-02 2.896395698189735413e-02
1.542217284440994263e-01 1.542218625545501709e-01 6.096074730157852173e-02 6.214794889092445374e-02 6.096065416932106018e-02 5.163482949137687683e-02 6.214788928627967834e-02 6.214803457260131836e-02 5.163482949137687683e-02 6.214803084731101990e-02 3.117495961487293243e-02 2.644418552517890930e-02 2.644420228898525238e-02 2.644425071775913239e-02 2.644421532750129700e-02
1.639156192541122437e-01 1.639157086610794067e-01 6.134055182337760925e-02 6.160709634423255920e-02 5.779799818992614746e-02 6.134048849344253540e-02 6.160711497068405151e-02 5.779792740941047668e-02 6.160706281661987305e-02 6.160694360733032227e-02 2.951168827712535858e-02 2.383855357766151428e-02 2.383879013359546661e-02 2.383881621062755585e-02 2.383858710527420044e-02
1.707551330327987671e-01 1.707552522420883179e-01 6.429998576641082764e-02 6.176716089248657227e-02 6.176707893610000610e-02 6.054809689521789551e-02 6.429995596408843994e-02 6.054813787341117859e-02 6.054811179637908936e-02 6.054814904928207397e-02 2.776482328772544861e-02 2.373848296701908112e-02 2.373868040740489960e-02 2.373869158327579498e-02 2.373847924172878265e-02
1.742509305477142334e-01 1.742511540651321411e-01 6.224157661199569702e-02 6.224166974425315857e-02 5.894542858004570007e-02 7.115798443555831909e-02 7.115794718265533447e-02 5.894537642598152161e-02 5.894539132714271545e-02 5.894535034894943237e-02 2.597546763718128204e-02 2.354085817933082581e-02 2.354096435010433197e-02 2.354085072875022888e-02 2.354094572365283966e-02
1.742874979972839355e-01 1.742876619100570679e-01 6.275146454572677612e-02 7.839207351207733154e-02 6.275146454572677612e-02 5.679137259721755981e-02 7.839208841323852539e-02 5.679132789373397827e-02 5.679122731089591980e-02 5.679131299257278442e-02 2.326685562729835510e-02 2.419837936758995056e-02 2.326685376465320587e-02 2.326675131916999817e-02 2.326675690710544586e-02
1.711529940366744995e-01 1.711529791355133057e-01 8.602374792098999023e-02 8.602365106344223022e-02 6.327182799577713013e-02 6.327201426029205322e-02 5.410011857748031616e-02 5.410007014870643616e-02 5.410009622573852539e-02 5.410002544522285461e-02 2.270289137959480286e-02 2.293077483773231506e-02 2.293077483773231506e-02 2.293079532682895660e-02 2.293077670037746429e-02
1.654369384050369263e-01 1.654370874166488647e-01 9.406990557909011841e-02 9.406978636980056763e-02 6.376928091049194336e-02 6.376934796571731567e-02 5.090849846601486206e-02 5.090843886137008667e-02 5.090843886137008667e-02 5.090836808085441589e-02 2.265823632478713989e-02 2.265878766775131226e-02 2.265824936330318451e-02 2.254212088882923126e-02 2.265878207981586456e-02
1.578546464443206787e-01 1.578547060489654541e-01 1.025365814566612244e-01 1.025364995002746582e-01 6.420628726482391357e-02 6.420625746250152588e-02 4.727444425225257874e-02 4.727448895573616028e-02 4.727444797754287720e-02 4.727448895573616028e-02 2.255150489509105682e-02 2.255151607096195221e-02 2.255100011825561523e-02 2.255101688206195831e-02 2.210590057075023651e-02
1.490917503833770752e-01 1.490918099880218506e-01 1.114099249243736267e-01 1.114096492528915405e-01 6.454730033874511719e-02 6.454735994338989258e-02 4.327546805143356323e-02 4.327548295259475708e-02 4.327550902962684631e-02 2.555163577198982239e-02 4.327547550201416016e-02 2.555165067315101624e-02 2.238018438220024109e-02 2.555156685411930084e-02 2.555155754089355469e-02
1.397131979465484619e-01 1.206429377198219299e-01 1.397131979465484619e-01 1.206429526209831238e-01 6.476439535617828369e-02 6.476436555385589600e-02 3.900305554270744324e-02 3.900300338864326477e-02 3.004116378724575043e-02 3.900292143225669861e-02 3.004103340208530426e-02 3.900298848748207092e-02 2.214443683624267578e-02 3.004099056124687195e-02 3.004102036356925964e-02
1.301357299089431763e-01 1.301357597112655640e-01 1.301358044147491455e-01 1.301357895135879517e-01 6.483881920576095581e-02 6.483881175518035889e-02 3.455730900168418884e-02 3.455732390284538269e-02 3.455726057291030884e-02 3.455729410052299500e-02 3.455726429820060730e-02 3.455725312232971191e-02 3.455726802349090576e-02 3.455724194645881653e-02 2.184330672025680542e-02
