4.956606328487396240e-01 4.533534348011016846e-01 4.533524811267852783e-01 4.533525705337524414e-01 0.000000000000000000e+00 0.000000000000000000e+00 0.000000000000000000e+00 0.000000000000000000e+00 0.000000000000000000e+00 0.000000000000000000e+00 0.000000000000000000e+00 0.000000000000000000e+00 0.000000000000000000e+00 0.000000000000000000e+00 0.000000000000000000e+00
4.329790472984313965e-01 4.334536492824554443e-01 4.334559440612792969e-01 4.329809844493865967e-01 0.000000000000000000e+00 0.000000000000000000e+00 0.000000000000000000e+00 0.000000000000000000e+00 0.000000000000000000e+00 0.000000000000000000e+00 0.000000000000000000e+00 0.000000000000000000e+00 0.000000000000000000e+00 0.000000000000000000e+00 0.000000000000000000e+00
3.825030326843261719e-01 3.829666376113891602e-01 3.829653561115264893e-01 3.825015127658843994e-01 0.000000000000000000e+00 0.000000000000000000e+00 0.000000000000000000e+00 0.000000000000000000e+00 0.000000000000000000e+00 0.000000000000000000e+00 0.000000000000000000e+00 0.000000000000000000e+00 0.000000000000000000e+00 0.000000000000000000e+00 0.000000000000000000e+00
3.200919330120086670e-01 3.203542828559875488e-01 3.203536868095397949e-01 3.200915753841400146e-01 0.000000000000000000e+00 0.000000000000000000e+00 0.000000000000000000e+00 0.000000000000000000e+00 0.000000000000000000e+00 0.000000000000000000e+00 0.000000000000000000e+00 0.000000000000000000e+00 0.000000000000000000e+00 0.000000000000000000e+00 0.000000000000000000e+00
2.583560645580291748e-01 2.584724724292755127e-01 2.584712803363800049e-01 2.583553493022918701e-01 0.000000000000000000e+00 0.000000000000000000e+00 0.000000000000000000e+00 0.000000000000000000e+00 0.000000000000000000e+00 0.000000000000000000e+00 0.000000000000000000e+00 0.000000000000000000e+00 0.000000000000000000e+00 0.000000000000000000e+00 0.000000000000000000e+00
2.027596235275268555e-01 2.027967572212219238e-01 2.027597576379776001e-01 2.027969211339950562e-01 0.000000000000000000e+00 0.000000000000000000e+00 0.000000000000000000e+00 0.000000000000000000e+00 0.000000000000000000e+00 0.000000000000000000e+00 0.000000000000000000e+00 0.000000000000000000e+00 0.000000000000000000e+00 0.000000000000000000e+00 0.000000000000000000e+00
1.545785963535308838e-01 1.545909941196441650e-01 1.545781493186950684e-01 1.545905470848083496e-01 0.000000000000000000e+00 0.000000000000000000e+00 0.000000000000000000e+00 0.000000000000000000e+00 0.000000000000000000e+00 0.000000000000000000e+00 0.000000000000000000e+00 0.000000000000000000e+00 0.000000000000000000e+00 0.000000000000000000e+00 0.000000000000000000e+00
1.132710576057434082e-01 1.133271679282188416e-01 1.132703945040702820e-01 1.133266389369964600e-01 0.000000000000000000e+00 0.000000000000000000e+00 0.000000000000000000e+00 0.000000000000000000e+00 0.000000000000000000e+00 0.000000000000000000e+00 0.000000000000000000e+00 0.000000000000000000e+00 0.000000000000000000e+00 0.000000000000000000e+00 0.000000000000000000e+00
7.789324969053268433e-02 7.777174562215805054e-02 7.777184247970581055e-02 7.789354771375656128e-02 5.816451460123062134e-02 5.816400051116943359e-02 5.816391482949256897e-02 5.816454067826271057e-02 0.000000000000000000e+00 0.000000000000000000e+00 0.000000000000000000e+00 0.000000000000000000e+00 0.000000000000000000e+00 0.000000000000000000e+00 0.000000000000000000e+00
6.084320321679115295e-02 6.084394454956054688e-02 6.084393337368965149e-02 6.084340065717697144e-02 5.834999680519104004e-02 5.835089460015296936e-02 5.835074186325073242e-02 5.835031345486640930e-02 0.000000000000000000e+00 0.000000000000000000e+00 0.000000000000000000e+00 0.000000000000000000e+00 0.000000000000000000e+00 0.000000000000000000e+00 0.000000000000000000e+00
6.113097816705703735e-02 6.113053485751152039e-02 6.113056093454360962e-02 6.113100796937942505e-02 6.113041564822196960e-02 6.113107874989509583e-02 6.113106757402420044e-02 6.113034486770629883e-02 0.000000000000000000e+00 0.000000000000000000e+00 0.000000000000000000e+00 0.000000000000000000e+00 0.000000000000000000e+00 0.000000000000000000e+00 0.000000000000000000e+00
