6.872026622295379639e-02 1.899835094809532166e-02 1.881203614175319672e-02 1.781317777931690216e-02 1.806688867509365082e-02 6.777134723961353302e-03 6.382304709404706955e-03 6.204522680491209030e-03
6.676517426967620850e-02 6.676510721445083618e-02 1.845121942460536957e-02 1.845147646963596344e-02 1.772389560937881470e-02 1.772368699312210083e-02 6.622863933444023132e-03 6.623006425797939301e-03
6.121166422963142395e-02 6.121158227324485779e-02 1.740816235542297363e-02 1.740834489464759827e-02 1.673025824129581451e-02 1.673004217445850372e-02 6.176129449158906937e-03 6.176261696964502335e-03
5.289965122938156128e-02 5.289965867996215820e-02 1.579343713819980621e-02 1.579361036419868469e-02 1.518678665161132812e-02 1.518660597503185272e-02 5.483504384756088257e-03 5.483619403094053268e-03
4.296616837382316589e-02 4.296610876917839050e-02 1.377081312239170074e-02 1.377065572887659073e-02 1.323939859867095947e-02 1.323924399912357330e-02 4.617514088749885559e-03 4.617604892700910568e-03
3.259521350264549255e-02 3.259520232677459717e-02 1.153158303350210190e-02 1.153170969337224960e-02 1.105102524161338806e-02 1.105115376412868500e-02 3.670545993372797966e-03 3.670613979920744896e-03
2.284311130642890930e-02 2.284307591617107391e-02 9.268783032894134521e-03 9.268904104828834534e-03 8.772592991590499878e-03 8.772686123847961426e-03 2.749290782958269119e-03 2.749338513240218163e-03
1.456688530743122101e-02 1.456686761230230331e-02 7.145015522837638855e-03 7.145099807530641556e-03 6.515180692076683044e-03 6.515264511108398438e-03 1.969358883798122406e-03 1.969314878806471825e-03
8.445251733064651489e-03 8.445213548839092255e-03 5.273413844406604767e-03 5.273352842777967453e-03 4.307490307837724686e-03 4.307553637772798538e-03 1.448151422664523125e-03 1.448135240934789181e-03
4.827983211725950241e-03 4.828000441193580627e-03 3.728821175172924995e-03 3.728855634108185768e-03 2.300968626514077187e-03 2.300986554473638535e-03 1.714709680527448654e-03 1.714740414172410965e-03
3.093392355367541313e-03 3.093396080657839775e-03 2.567499643191695213e-03 2.567439805716276169e-03 2.912440570071339607e-03 2.912422874942421913e-03 2.212504390627145767e-03 2.212579594925045967e-03
