1.947158724069595337e-01 1.768102496862411499e-02 1.522700116038322449e-02 1.528792362660169601e-02
1.870291680097579956e-01 1.765304058790206909e-02 1.504637859761714935e-02 1.503805164247751236e-02
1.659315973520278931e-01 1.681167818605899811e-02 1.433542929589748383e-02 1.434334181249141693e-02
1.368141174316406250e-01 1.550177391618490219e-02 1.323878951370716095e-02 1.324608642607927322e-02
1.051369234919548035e-01 1.384422834962606430e-02 1.184636168181896210e-02 1.185287721455097198e-02
7.493173331022262573e-02 1.197879202663898468e-02 1.027264352887868881e-02 1.027830783277750015e-02
4.864307492971420288e-02 1.004390325397253036e-02 8.632693439722061157e-03 8.637500926852226257e-03
2.756225876510143280e-02 8.161030709743499756e-03 7.029455155134201050e-03 7.033451460301876068e-03
1.229277811944484711e-02 6.424880586564540863e-03 5.546014290302991867e-03 5.549282766878604889e-03
4.900984931737184525e-03 4.247733857482671738e-03 4.250455182045698166e-03 3.078841604292392731e-03
3.706356044858694077e-03 3.540931968018412590e-03 3.366510150954127312e-03 3.366863355040550232e-03
