2.991757392883300781e-01 2.387391589581966400e-02
2.833708822727203369e-01 2.346350438892841339e-02
2.433348745107650757e-01 2.227687835693359375e-02
1.931479573249816895e-01 2.043917961418628693e-02
1.433676779270172119e-01 1.813158206641674042e-02
9.932891279458999634e-02 1.555895805358886719e-02
6.309741735458374023e-02 1.291947904974222183e-02
3.519246354699134827e-02 1.038195099681615829e-02
1.552874129265546799e-02 8.074277080595493317e-03
6.087565794587135315e-03 3.864815458655357361e-03
4.739356227219104767e-03 4.043100401759147644e-03
