6.538765877485275269e-02 6.538727879524230957e-02 4.325266554951667786e-02
6.388664245605468750e-02 6.388609856367111206e-02 4.226763546466827393e-02
5.961827561259269714e-02 5.961770191788673401e-02 3.944277763366699219e-02
5.321190878748893738e-02 5.321142077445983887e-02 3.513561189174652100e-02
4.550665244460105896e-02 4.550621286034584045e-02 2.984962984919548035e-02
3.734881803393363953e-02 3.734847530722618103e-02 2.413445524871349335e-02
2.944493293762207031e-02 2.944454923272132874e-02 1.849936135113239288e-02
2.229389548301696777e-02 2.229364216327667236e-02 1.335880812257528305e-02
1.618483848869800568e-02 1.618466153740882874e-02 9.015889838337898254e-03
1.123585272580385208e-02 1.123572979122400284e-02 5.792545620352029800e-03
7.732086814939975739e-03 7.732070516794919968e-03 7.113039959222078323e-03
