6.109296903014183044e-02 2.865468338131904602e-02 2.907416224479675293e-02 1.537348143756389618e-02 1.485655084252357483e-02 1.149455923587083817e-02 7.934883236885070801e-03 7.944887503981590271e-03 4.880623426288366318e-03 4.322865046560764313e-03 4.437660332769155502e-03 3.981639631092548370e-03 2.242864808067679405e-03 2.262351568788290024e-03 2.181749325245618820e-03
5.942360684275627136e-02 2.847399935126304626e-02 2.805881574749946594e-02 1.505427155643701553e-02 1.454579643905162811e-02 1.129802968353033066e-02 7.808589376509189606e-03 7.818566635251045227e-03 4.778629168868064880e-03 4.326328169554471970e-03 4.233134910464286804e-03 3.896984504535794258e-03 2.226135227829217911e-03 2.204081742092967033e-03 2.142566721886396408e-03
5.466412752866744995e-02 2.674626559019088745e-02 2.634167484939098358e-02 1.413024589419364929e-02 1.364522241055965424e-02 1.072675734758377075e-02 7.440994493663311005e-03 7.451150566339492798e-03 4.491616506129503250e-03 4.007673356682062149e-03 3.965315874665975571e-03 3.647081786766648293e-03 2.125573577359318733e-03 2.090794267132878304e-03 2.027567010372877121e-03
4.749368503689765930e-02 2.409432083368301392e-02 2.369981445372104645e-02 1.269741356372833252e-02 1.224476099014282227e-02 9.832491166889667511e-03 6.863786373287439346e-03 6.874474231153726578e-03 4.069416318088769913e-03 3.563271835446357727e-03 3.494630334898829460e-03 3.241333644837141037e-03 1.973564038053154945e-03 1.916560693643987179e-03 1.847764826379716396e-03
3.885431215167045593e-02 2.081248350441455841e-02 2.041560411453247070e-02 1.090076752007007599e-02 1.048015803098678589e-02 8.690111339092254639e-03 6.124378181993961334e-03 6.136131007224321365e-03 3.567266510799527168e-03 3.050419734790921211e-03 2.871866570785641670e-03 2.697870368137955666e-03 1.781127648428082466e-03 1.703671412542462349e-03 1.624219585210084915e-03
2.976391464471817017e-02 1.723325811326503754e-02 1.680189184844493866e-02 8.918697014451026917e-03 8.518521673977375031e-03 7.378763519227504730e-03 5.278768483549356461e-03 5.292522720992565155e-03 3.025410696864128113e-03 2.507172757759690285e-03 2.193678403273224831e-03 2.074290532618761063e-03 1.560787670314311981e-03 1.471556955948472023e-03 1.380124362185597420e-03
2.117924205958843231e-02 1.367379259318113327e-02 1.313923671841621399e-02 6.957380101084709167e-03 6.559795234352350235e-03 5.937275476753711700e-03 4.382031969726085663e-03 4.400163423269987106e-03 2.475817687809467316e-03 1.975251594558358192e-03 1.555592287331819534e-03 1.473213662393391132e-03 1.325709978118538857e-03 1.231690752319991589e-03 1.134358346462249756e-03
1.395920012146234512e-02 1.039291080087423325e-02 9.590070694684982300e-03 5.268597044050693512e-03 4.817931447178125381e-03 4.340738989412784576e-03 3.504344495013356209e-03 3.466586349532008171e-03 1.950713340193033218e-03 1.496777986176311970e-03 1.107076881453394890e-03 1.082594157196581364e-03 1.023683580569922924e-03 9.907777421176433563e-04 9.168198448605835438e-04
8.870552293956279755e-03 7.564379367977380753e-03 6.140972953289747238e-03 3.953385166823863983e-03 3.370271995663642883e-03 2.960497979074716568e-03 2.630331087857484818e-03 2.420003060251474380e-03 1.541624544188380241e-03 1.380668138153851032e-03 1.264626043848693371e-03 1.095607294701039791e-03 9.099690942093729973e-04 8.521082345396280289e-04 8.240213501267135143e-04
5.798835773020982742e-03 5.273889750242233276e-03 3.360819071531295776e-03 2.888847142457962036e-03 2.515438245609402657e-03 2.315354999154806137e-03 2.172272652387619019e-03 2.042473293840885162e-03 1.679067849181592464e-03 1.388529664836823940e-03 1.245095394551753998e-03 1.083455397747457027e-03 1.120938919484615326e-03 9.429402998648583889e-04 8.106598397716879845e-04
3.878801362589001656e-03 3.865170525386929512e-03 3.454533871263265610e-03 3.416879568248987198e-03 2.175236819311976433e-03 2.018040046095848083e-03 1.893332111649215221e-03 1.738932565785944462e-03 1.473133335821330547e-03 1.525884377770125866e-03 1.596650108695030212e-03 1.206951332278549671e-03 1.021467382088303566e-03 8.943867869675159454e-04 6.427953485399484634e-04
