2.618056833744049072e-01 1.531434506177902222e-01
2.450181543827056885e-01 1.467972844839096069e-01
2.052796483039855957e-01 1.297537386417388916e-01
1.605689078569412231e-01 1.067605316638946533e-01
1.201780140399932861e-01 8.242160826921463013e-02
8.688601851463317871e-02 5.979937314987182617e-02
6.075570732355117798e-02 4.047417640686035156e-02
4.095404967665672302e-02 2.508340775966644287e-02
2.644331380724906921e-02 1.378871034830808640e-02
1.625315286219120026e-02 6.948137190192937851e-03
1.042950153350830078e-02 8.320277556777000427e-03
