7.477133721113204956e-02 2.842581458389759064e-02
7.236938178539276123e-02 2.780708856880664825e-02
6.562253832817077637e-02 2.603320591151714325e-02
5.572231858968734741e-02 2.333051711320877075e-02
4.417410865426063538e-02 2.001842856407165527e-02
3.240966796875000000e-02 1.644587889313697815e-02
2.157787792384624481e-02 1.293402258306741714e-02
1.250255573540925980e-02 9.735585190355777740e-03
7.014533970504999161e-03 5.842690356075763702e-03
4.847363103181123734e-03 3.846540581434965134e-03
2.970258006826043129e-03 3.433099947869777679e-03
