9.256292134523391724e-02 8.036071062088012695e-02 4.780661314725875854e-02
8.161344379186630249e-02 4.440256208181381226e-02 1.378352753818035126e-02
7.557427883148193359e-02 4.121211171150207520e-02 1.264868956059217453e-02
6.666032969951629639e-02 3.636579215526580811e-02 1.090509817004203796e-02
5.616936087608337402e-02 3.045336715877056122e-02 8.757745847105979919e-03
4.532634839415550232e-02 2.411606349050998688e-02 6.464545149356126785e-03
3.507468104362487793e-02 1.794759556651115417e-02 4.321106243878602982e-03
2.601876296103000641e-02 1.243505161255598068e-02 2.703586360439658165e-03
1.846395246684551239e-02 7.958541624248027802e-03 2.648844150826334953e-03
1.250244677066802979e-02 5.409375298768281937e-03 3.801082028076052666e-03
8.589090779423713684e-03 7.421006914228200912e-03 2.879453590139746666e-03
