2.470159232616424561e-01 1.684913970530033112e-02
2.574685215950012207e-01 1.662150956690311432e-02
2.216710150241851807e-01 1.579537801444530487e-02
1.764614880084991455e-01 1.451006066054105759e-02
1.313289254903793335e-01 1.288595609366893768e-02
9.121351689100265503e-02 1.106209121644496918e-02
5.810250341892242432e-02 9.176652878522872925e-03
3.254614397883415222e-02 7.351359818130731583e-03
1.451536919921636581e-02 5.681697279214859009e-03
4.235687665641307831e-03 3.834196832031011581e-03
3.180863102898001671e-03 2.880510408431291580e-03
