4.523186683654785156e-01 9.216263890266418457e-02 4.245260730385780334e-02 4.185095801949501038e-02 1.278734300285577774e-02 1.032175030559301376e-02 1.012446358799934387e-02 4.195639397948980331e-03 2.589346608147025108e-03 2.491037594154477119e-03 1.586211496032774448e-03 1.440302352420985699e-03 1.468760543502867222e-03 1.289194566197693348e-03 1.249286229722201824e-03
4.143284261226654053e-01 8.985405415296554565e-02 4.159479588270187378e-02 4.086340591311454773e-02 1.248998101800680161e-02 1.029654685407876968e-02 9.683869779109954834e-03 4.129981156438589096e-03 2.552357036620378494e-03 2.456138376146554947e-03 1.554764341562986374e-03 1.445950707420706749e-03 1.414253842085599899e-03 1.274785026907920837e-03 1.175701967440545559e-03
3.339335918426513672e-01 8.336098492145538330e-02 3.910827264189720154e-02 3.806193172931671143e-02 1.163303572684526443e-02 9.899199008941650391e-03 8.737148717045783997e-03 3.938424866646528244e-03 2.445340389385819435e-03 2.354122232645750046e-03 1.465164008550345898e-03 1.377154840156435966e-03 1.341932220384478569e-03 1.191396266222000122e-03 1.011375803500413895e-03
2.507161200046539307e-01 7.380335777997970581e-02 3.528892993927001953e-02 3.381701931357383728e-02 1.030967477709054947e-02 9.126385673880577087e-03 7.435306906700134277e-03 3.636589739471673965e-03 2.192754764109849930e-03 2.276503015309572220e-03 1.333449617959558964e-03 1.272341003641486168e-03 1.224507228471338749e-03 1.040305825881659985e-03 8.067935705184936523e-04
1.786532253026962280e-01 6.259102374315261841e-02 3.057860769331455231e-02 2.862387336790561676e-02 8.661754429340362549e-03 8.068867959082126617e-03 5.916865076869726181e-03 3.248306689783930779e-03 2.058420097455382347e-03 1.983942231163382530e-03 1.183183980174362659e-03 1.143668545410037041e-03 1.059433678165078163e-03 8.577295229770243168e-04 7.065151003189384937e-04
1.202823072671890259e-01 5.103517323732376099e-02 2.545755170285701752e-02 2.302293479442596436e-02 6.835336331278085709e-03 6.865396164357662201e-03 4.363876767456531525e-03 2.802734263241291046e-03 1.806737971492111683e-03 1.742464024573564529e-03 1.026932266540825367e-03 9.989624377340078354e-04 8.626308408565819263e-04 8.134125382639467716e-04 5.929809412918984890e-04
7.492177933454513550e-02 4.012346267700195312e-02 2.036109752953052521e-02 1.752118580043315887e-02 5.550224334001541138e-03 5.105908960103988647e-03 3.027554368600249290e-03 2.330996328964829445e-03 1.538580050691962242e-03 1.484372420236468315e-03 1.240810845047235489e-03 8.448824519291520119e-04 8.684436907060444355e-04 6.638882914558053017e-04 5.860042292624711990e-04
4.125911369919776917e-02 3.046717122197151184e-02 1.563138514757156372e-02 1.253891456872224808e-02 4.339162725955247879e-03 3.666982520371675491e-03 2.620378276333212852e-03 1.867355313152074814e-03 1.563886529766023159e-03 1.225525396876037121e-03 1.271185697987675667e-03 8.356591570191085339e-04 7.036869646981358528e-04 6.919617298990488052e-04 4.822716291528195143e-04
2.235324122011661530e-02 1.809684559702873230e-02 1.150349155068397522e-02 8.398868143558502197e-03 4.551074467599391937e-03 3.130022669211030006e-03 2.324566012248396873e-03 1.742872060276567936e-03 1.432908000424504280e-03 1.021404983475804329e-03 9.805307490751147270e-04 8.863819530233740807e-04 5.666881334036588669e-04 5.493019707500934601e-04 4.660114063881337643e-04
1.583484187722206116e-02 8.184684440493583679e-03 7.042175624519586563e-03 5.317237228155136108e-03 4.557039123028516769e-03 3.237798810005187988e-03 2.132231369614601135e-03 1.595233567059040070e-03 1.051557017490267754e-03 9.506234782747924328e-04 7.637920789420604706e-04 8.095483062788844109e-04 6.472432869486510754e-04 4.896924947388470173e-04 4.315393161959946156e-04
1.087233517318964005e-02 1.077629439532756805e-02 5.310106556862592697e-03 5.659729242324829102e-03 3.377016168087720871e-03 1.998452935367822647e-03 1.601393101736903191e-03 1.131902332417666912e-03 8.239122107625007629e-04 6.289987359195947647e-04 6.520465249195694923e-04 7.004647050052881241e-04 7.009670371189713478e-04 4.886256647296249866e-04 4.437604802660644054e-04
