2.275940477848052979e-01 1.471381783485412598e-01 7.311639189720153809e-02 2.331832982599735260e-02 2.283509634435176849e-02 9.231545031070709229e-03 6.436543539166450500e-03 5.816235672682523727e-03 4.392450675368309021e-03 4.233088809996843338e-03 2.452208893373608589e-03 2.115344628691673279e-03 1.577030634507536888e-03 1.416056766174733639e-03 1.397788757458329201e-03
2.239415347576141357e-01 1.527330726385116577e-01 7.427222281694412231e-02 2.163738943636417389e-02 2.239423245191574097e-02 5.915236659348011017e-03 5.639046430587768555e-03 4.420616198331117630e-03 4.136179573833942413e-03 2.456138143315911293e-03 2.314289798960089684e-03 1.529485802166163921e-03 1.416455721482634544e-03 1.395911211147904396e-03 7.253325311467051506e-04
1.984834522008895874e-01 1.378780156373977661e-01 6.797380000352859497e-02 1.969700306653976440e-02 2.125849388539791107e-02 5.706279072910547256e-03 5.225339438766241074e-03 4.203646909445524216e-03 3.943304996937513351e-03 2.354124095290899277e-03 1.976717263460159302e-03 1.437613158486783504e-03 1.355911255814135075e-03 1.327339559793472290e-03 6.866350886411964893e-04
1.650246232748031616e-01 1.169240251183509827e-01 5.854674801230430603e-02 1.672526448965072632e-02 1.950006186962127686e-02 5.321878474205732346e-03 4.639201797544956207e-03 3.863324178382754326e-03 3.640031907707452774e-03 2.192750805988907814e-03 1.515452517196536064e-03 1.204142463393509388e-03 1.296350732445716858e-03 1.260101329535245895e-03 6.283433758653700352e-04
1.305135190486907959e-01 9.360228478908538818e-02 4.728190600872039795e-02 1.729058101773262024e-02 1.308718416839838028e-02 4.796934779733419418e-03 3.936630673706531525e-03 3.428230527788400650e-03 3.250604495406150818e-03 1.983944792300462723e-03 1.191216055303812027e-03 1.136450795456767082e-03 1.081851660273969173e-03 9.437575936317443848e-04 5.607865168713033199e-04
9.910526126623153687e-02 7.088581472635269165e-02 3.552065417170524597e-02 1.482521370053291321e-02 9.244509041309356689e-03 4.177899565547704697e-03 3.185369307175278664e-03 2.804240444675087929e-03 2.932986943051218987e-03 1.742466352880001068e-03 1.025187899358570576e-03 9.934735717251896858e-04 8.703596540726721287e-04 6.583959911949932575e-04 4.927957197651267052e-04
7.257919758558273315e-02 5.066078156232833862e-02 2.444998361170291901e-02 1.229354739189147949e-02 5.735428072512149811e-03 3.514593467116355896e-03 2.481966977939009666e-03 2.400253433734178543e-03 2.331414492800831795e-03 1.484373467974364758e-03 8.696881122887134552e-04 8.434127084910869598e-04 7.545048138126730919e-04 6.688031135126948357e-04 6.519994349218904972e-04
5.129020288586616516e-02 3.389215096831321716e-02 1.502214837819337845e-02 9.857768192887306213e-03 3.339045681059360504e-03 2.855568425729870796e-03 1.994112273678183556e-03 1.874855719506740570e-03 1.824575709179043770e-03 1.281275879591703415e-03 1.225526095367968082e-03 9.935522684827446938e-04 7.088079000823199749e-04 6.864436436444520950e-04 4.816131840925663710e-04
3.488754481077194214e-02 2.092806249856948853e-02 8.090480230748653412e-03 7.640419062227010727e-03 3.996945451945066452e-03 2.269339980557560921e-03 2.028234302997589111e-03 1.447421382181346416e-03 1.413685153238475323e-03 1.041097450070083141e-03 1.008734223432838917e-03 9.805290028452873230e-04 5.635115085169672966e-04 5.448962328955531120e-04 5.003424594178795815e-04
2.274409867823123932e-02 1.193945296108722687e-02 7.919201627373695374e-03 5.722688045352697372e-03 3.458532504737377167e-03 2.900706371292471886e-03 1.692385063506662846e-03 1.141379703767597675e-03 1.049012760631740093e-03 1.103010377846658230e-03 8.413275936618447304e-04 7.637922535650432110e-04 6.589575787074863911e-04 4.889551782980561256e-04 4.292899684514850378e-04
1.486865896731615067e-02 1.338778156787157059e-02 6.758631672710180283e-03 4.275243729352951050e-03 4.054046701639890671e-03 3.992021549493074417e-03 1.369175966829061508e-03 1.125237555243074894e-03 8.540427079424262047e-04 8.096189703792333603e-04 7.463436340913176537e-04 6.873808451928198338e-04 6.289991433732211590e-04 6.550332764163613319e-04 4.966533742845058441e-04
