1.032746285200119019e-01 6.860754638910293579e-02 3.239420056343078613e-02 1.119809597730636597e-02 8.952750824391841888e-03 3.745294874534010887e-03 2.128227846696972847e-03 1.937916968017816544e-03 9.691694867797195911e-04 9.774164063856005669e-04 9.532909607514739037e-04 7.083975942805409431e-04 5.816889461129903793e-04 5.942963762208819389e-04 5.818719509989023209e-04
1.019277721643447876e-01 6.747136265039443970e-02 3.159902617335319519e-02 8.908684365451335907e-03 3.694462124258279800e-03 2.712427405640482903e-03 1.909910002723336220e-03 1.078122528269886971e-03 9.833329822868108749e-04 9.270685841329395771e-04 8.463384001515805721e-04 6.872758967801928520e-04 5.916130612604320049e-04 5.755490856245160103e-04 5.739061161875724792e-04
9.446370601654052734e-02 6.266514956951141357e-02 2.924286015331745148e-02 8.054972626268863678e-03 3.550984198227524757e-03 2.589304232969880104e-03 1.830475637689232826e-03 9.925659978762269020e-04 9.494408150203526020e-04 8.506132871843874454e-04 7.276802789419889450e-04 6.478911964222788811e-04 5.575967952609062195e-04 5.507799796760082245e-04 5.529374466277658939e-04
8.345237374305725098e-02 5.541506782174110413e-02 2.562429755926132202e-02 6.754299160093069077e-03 3.324726596474647522e-03 2.394905313849449158e-03 1.704670954495668411e-03 9.041524026542901993e-04 8.741557830944657326e-04 7.528150454163551331e-04 6.192284636199474335e-04 5.046920268796384335e-04 5.073637003079056740e-04 5.164666799828410149e-04 5.173712852410972118e-04
7.049879431724548340e-02 4.664480313658714294e-02 2.115176431834697723e-02 5.181604065001010895e-03 3.031599335372447968e-03 2.143951598554849625e-03 1.541622914373874664e-03 8.281241171061992645e-04 7.473156438209116459e-04 6.458060815930366516e-04 5.504521541297435760e-04 4.382315964903682470e-04 4.661915008910000324e-04 4.699960118159651756e-04 3.441140870563685894e-04
5.711254850029945374e-02 3.731859102845191956e-02 1.630567759275436401e-02 3.569965949282050133e-03 2.690869849175214767e-03 1.854351488873362541e-03 1.352694816887378693e-03 7.379426970146596432e-04 6.096021388657391071e-04 5.379059002734720707e-04 4.761582240462303162e-04 4.154228663537651300e-04 4.093111783731728792e-04 3.650185244623571634e-04 3.275802591815590858e-04
4.444899037480354309e-02 2.828204259276390076e-02 1.158036198467016220e-02 2.221677452325820923e-03 2.333676442503929138e-03 1.545558799989521503e-03 1.150354044511914253e-03 6.420729914680123329e-04 5.958817782811820507e-04 4.688047629315406084e-04 4.465810488909482956e-04 3.982465132139623165e-04 3.545079962350428104e-04 3.462127933744341135e-04 2.930328773800283670e-04
3.324123844504356384e-02 2.017854899168014526e-02 7.450887933373451233e-03 1.970774494111537933e-03 1.955312676727771759e-03 1.253643888048827648e-03 9.470397490076720715e-04 7.600811659358441830e-04 5.364997778087854385e-04 4.267488548066467047e-04 3.592958673834800720e-04 3.229341236874461174e-04 2.956113894470036030e-04 2.793406019918620586e-04 2.346241672057658434e-04
2.385185472667217255e-02 1.344057358801364899e-02 4.648861475288867950e-03 3.114531282335519791e-03 1.597746391780674458e-03 9.675719775259494781e-04 7.543403771705925465e-04 6.635746103711426258e-04 5.478089442476630211e-04 4.324529145378619432e-04 2.836246276274323463e-04 2.582456800155341625e-04 2.405841078143566847e-04 2.286514791194349527e-04 2.206030330853536725e-04
1.637480221688747406e-02 8.485223166644573212e-03 6.279338616877794266e-03 2.535781357437372208e-03 1.270520850084722042e-03 9.235718753188848495e-04 7.344969781115651131e-04 7.109374273568391800e-04 5.837659118697047234e-04 3.453549870755523443e-04 3.287115250714123249e-04 2.933265932369977236e-04 2.214209962403401732e-04 1.998650841414928436e-04 1.896043686429038644e-04
1.116272807121276855e-02 1.024420466274023056e-02 5.334500223398208618e-03 3.374641528353095055e-03 1.027162186801433563e-03 9.320772951468825340e-04 7.000391487963497639e-04 5.459168460220098495e-04 4.774823319166898727e-04 4.430631524883210659e-04 3.689838340505957603e-04 2.942483115475624800e-04 2.384316612733528018e-04 1.634766376810148358e-04 1.648875913815572858e-04
