3.285290598869323730e-01 2.511802315711975098e-02 1.125789247453212738e-02 1.103181019425392151e-02 3.347813617438077927e-03 2.758465008810162544e-03 2.615805715322494507e-03 2.528032986447215080e-03 1.937069348059594631e-03 1.049120794050395489e-03 6.033440586179494858e-04 5.859582452103495598e-04 5.885424907319247723e-04 3.478610306046903133e-04 3.292745386715978384e-04
3.119069039821624756e-01 2.469636872410774231e-02 1.109484955668449402e-02 1.080223545432090759e-02 3.274392103776335716e-03 2.720865420997142792e-03 2.636956050992012024e-03 2.389570698142051697e-03 1.909906161017715931e-03 1.027119113132357597e-03 5.916138179600238800e-04 5.805473774671554565e-04 5.781401996500790119e-04 3.477953141555190086e-04 3.252252936363220215e-04
2.692946493625640869e-01 2.348072081804275513e-02 1.059875730425119400e-02 1.016996614634990692e-02 3.065349534153938293e-03 2.558574080467224121e-03 2.615722594782710075e-03 2.126501407474279404e-03 1.830471097491681576e-03 9.633308509364724159e-04 5.551299545913934708e-04 5.576034891419112682e-04 5.573339876718819141e-04 3.301206743344664574e-04 3.134403668809682131e-04
2.150142639875411987e-01 2.159591391682624817e-02 9.795745834708213806e-03 9.212947450578212738e-03 2.742898650467395782e-03 2.443546894937753677e-03 2.376441610977053642e-03 1.789309200830757618e-03 1.704673981294035912e-03 8.641954045742750168e-04 5.046924925409257412e-04 5.207472131587564945e-04 5.183451576158404350e-04 2.959618286695331335e-04 2.946638851426541805e-04
1.604098975658416748e-01 1.922265999019145966e-02 8.753124624490737915e-03 8.020147681236267090e-03 2.343155909329652786e-03 2.198613248765468597e-03 2.126700012013316154e-03 1.421074615791440010e-03 1.541623263619840145e-03 7.398257730528712273e-04 4.735706897918134928e-04 4.699395794887095690e-04 4.382314509712159634e-04 2.909307368099689484e-04 2.702082565519958735e-04
1.115916892886161804e-01 1.656669192016124725e-02 7.557046134024858475e-03 6.692920345813035965e-03 1.823023660108447075e-03 1.930472906678915024e-03 1.891412422992289066e-03 1.352696912363171577e-03 1.087017939426004887e-03 6.032564560882747173e-04 4.364472406450659037e-04 3.650190774351358414e-04 4.160121898166835308e-04 4.124770057387650013e-04 2.416028582956641912e-04
7.112862169742584229e-02 1.382826268672943115e-02 6.297901738435029984e-03 5.337154027074575424e-03 1.596525311470031738e-03 1.558307209052145481e-03 1.457256730645895004e-03 1.150353346019983292e-03 9.771110489964485168e-04 5.598652060143649578e-04 4.696701071225106716e-04 3.592856228351593018e-04 3.506824723444879055e-04 2.930337504949420691e-04 2.491099003236740828e-04
3.980574384331703186e-02 1.117919944226741791e-02 5.060109309852123260e-03 4.054998513311147690e-03 1.580323791131377220e-03 1.252044690772891045e-03 1.219832454808056355e-03 9.843921288847923279e-04 9.470401564612984657e-04 5.310823325999081135e-04 3.568200336303561926e-04 3.479718870949000120e-04 2.982194127980619669e-04 2.783658856060355902e-04 2.326696703676134348e-04
1.766002364456653595e-02 8.749671280384063721e-03 3.918308299034833908e-03 2.958587603643536568e-03 2.279256703332066536e-03 1.014290028251707554e-03 9.585717343725264072e-04 8.391276351176202297e-04 7.543410756625235081e-04 6.142477504909038544e-04 3.590576525311917067e-04 2.813923347275704145e-04 2.412547764834016562e-04 2.316386526217684150e-04 2.206026401836425066e-04
6.625004112720489502e-03 4.501394927501678467e-03 3.470298601314425468e-03 2.863573841750621796e-03 2.053837291896343231e-03 1.321617863141000271e-03 7.002258789725601673e-04 6.851322250440716743e-04 6.218513590283691883e-04 5.837668431922793388e-04 3.596895548980683088e-04 3.298171795904636383e-04 2.933270880021154881e-04 2.264562790514901280e-04 1.970028533833101392e-04
4.817930515855550766e-03 4.890574142336845398e-03 2.123432466760277748e-03 2.075868425890803337e-03 1.461619278416037560e-03 8.033385965973138809e-04 5.652590189129114151e-04 5.209313239902257919e-04 4.727549385279417038e-04 4.774832050316035748e-04 3.651469887699931860e-04 3.689837758429348469e-04 2.571616496425122023e-04 1.686461037024855614e-04 1.651031780056655407e-04
