5.081999301910400391e-02 4.182255640625953674e-02 4.182222858071327209e-02 2.007992751896381378e-02 1.895896345376968384e-02 1.819392852485179901e-02 2.007997408509254456e-02 1.895907707512378693e-02 1.819387450814247131e-02 1.719004660844802856e-02 1.719015650451183319e-02 1.516779884696006775e-02 1.507363002747297287e-02 1.516797672957181931e-02 1.357402931898832321e-02
5.087510496377944946e-02 4.324740543961524963e-02 4.049899429082870483e-02 2.198621258139610291e-02 2.055220305919647217e-02 1.920190826058387756e-02 1.769686676561832428e-02 1.887467131018638611e-02 1.845387183129787445e-02 1.797192543745040894e-02 1.690266840159893036e-02 1.582504808902740479e-02 1.550499442964792252e-02 1.439962908625602722e-02 1.371243037283420563e-02
5.103635787963867188e-02 4.476632177829742432e-02 3.927531838417053223e-02 2.395055443048477173e-02 2.319629117846488953e-02 1.949694007635116577e-02 1.895357668399810791e-02 1.829368062317371368e-02 1.757778041064739227e-02 1.729771867394447327e-02 1.669456809759140015e-02 1.686613261699676514e-02 1.641606539487838745e-02 1.409441418945789337e-02 1.480249222368001938e-02
5.129420012235641479e-02 4.636264964938163757e-02 3.813703730702400208e-02 2.605006285011768341e-02 2.551478147506713867e-02 1.867368631064891815e-02 1.961915567517280579e-02 1.919090747833251953e-02 1.872345805168151855e-02 1.674342155456542969e-02 1.729329302906990051e-02 1.710156537592411041e-02 1.686019264161586761e-02 1.605579443275928497e-02 1.456000003963708878e-02
5.163809657096862793e-02 4.801187664270401001e-02 3.705467283725738525e-02 2.868625149130821228e-02 2.780563384294509888e-02 1.962802559137344360e-02 1.936259679496288300e-02 1.874954067170619965e-02 1.962181739509105682e-02 1.954029500484466553e-02 1.910222508013248444e-02 1.764991879463195801e-02 1.763162389397621155e-02 1.669383607804775238e-02 1.669875159859657288e-02
5.207117274403572083e-02 4.967874288558959961e-02 3.597575798630714417e-02 3.187084570527076721e-02 3.053359687328338623e-02 2.352285757660865784e-02 2.339697629213333130e-02 1.992074586451053619e-02 1.873318105936050415e-02 1.834348030388355255e-02 2.014930732548236847e-02 1.938731223344802856e-02 1.918880455195903778e-02 1.924595609307289124e-02 1.827231422066688538e-02
5.131734162569046021e-02 5.263192579150199890e-02 3.481889143586158752e-02 3.516463935375213623e-02 3.393325209617614746e-02 2.951766364276409149e-02 2.950540743768215179e-02 1.957332342863082886e-02 2.231020480394363403e-02 2.203126996755599976e-02 2.187497913837432861e-02 2.054070122539997101e-02 1.875359378755092621e-02 1.806916669011116028e-02 1.866780966520309448e-02
5.287044495344161987e-02 5.342259258031845093e-02 3.840075433254241943e-02 3.759147971868515015e-02 3.734266012907028198e-02 3.735223785042762756e-02 3.346730023622512817e-02 2.533731609582901001e-02 2.491692453622817993e-02 2.464792132377624512e-02 2.080964855849742889e-02 1.888104155659675598e-02 2.040423080325126648e-02 1.899883523583412170e-02 1.835146173834800720e-02
5.427272990345954895e-02 5.455495789647102356e-02 4.617478698492050171e-02 4.614545032382011414e-02 4.159719124436378479e-02 4.125177487730979919e-02 3.182581812143325806e-02 2.838020958006381989e-02 2.782624028623104095e-02 2.743178419768810272e-02 2.100727707147598267e-02 2.204125374555587769e-02 1.903481781482696533e-02 1.992412470281124115e-02 1.839780621230602264e-02
5.545391887426376343e-02 5.586018413305282593e-02 5.524662882089614868e-02 5.519040301442146301e-02 4.489831626415252686e-02 4.481756314635276794e-02 2.999392524361610413e-02 3.136361017823219299e-02 3.068810328841209412e-02 3.016124852001667023e-02 2.368050999939441681e-02 2.112934924662113190e-02 2.159054949879646301e-02 1.913822814822196960e-02 1.806856505572795868e-02
6.398021429777145386e-02 6.406393647193908691e-02 5.634571611881256104e-02 5.683359503746032715e-02 4.856843128800392151e-02 4.812901467084884644e-02 3.421565517783164978e-02 3.277207165956497192e-02 3.343169391155242920e-02 2.824438549578189850e-02 2.534057013690471649e-02 2.334453724324703217e-02 2.115866914391517639e-02 2.066093310713768005e-02 1.917216368019580841e-02
7.213570922613143921e-02 7.224342226982116699e-02 5.688863620162010193e-02 5.706903710961341858e-02 5.229873582720756531e-02 5.158749222755432129e-02 3.686784952878952026e-02 3.520133346319198608e-02 3.598859906196594238e-02 2.678374759852886200e-02 2.704024873673915863e-02 2.516275644302368164e-02 2.352325432002544403e-02 2.108055166900157928e-02 2.037031762301921844e-02
7.934972643852233887e-02 7.947704195976257324e-02 5.703914910554885864e-02 5.636183917522430420e-02 5.611266940832138062e-02 5.522786453366279602e-02 3.925704583525657654e-02 3.829611465334892273e-02 3.739044070243835449e-02 2.879472635686397552e-02 2.705563791096210480e-02 2.575684525072574615e-02 2.612296864390373230e-02 2.088645845651626587e-02 2.205690741539001465e-02
8.553375303745269775e-02 8.539056777954101562e-02 5.677575990557670593e-02 6.001712009310722351e-02 5.905849859118461609e-02 5.456270277500152588e-02 4.132875427603721619e-02 4.030068218708038330e-02 3.928921371698379517e-02 3.060967102646827698e-02 2.911780960857868195e-02 2.848958782851696014e-02 2.521232329308986664e-02 2.348580583930015564e-02 2.057417109608650208e-02
9.011535346508026123e-02 9.027197957038879395e-02 6.400196254253387451e-02 6.305956840515136719e-02 5.610194429755210876e-02 5.144626274704933167e-02 4.303954169154167175e-02 4.195998609066009521e-02 4.085840284824371338e-02 3.247706964612007141e-02 3.131473809480667114e-02 3.068555518984794617e-02 2.523302100598812103e-02 2.468526177108287811e-02 2.014720812439918518e-02
9.347486495971679688e-02 9.364254027605056763e-02 6.803979724645614624e-02 6.718537211418151855e-02 5.504480376839637756e-02 4.650568962097167969e-02 4.435925558209419250e-02 4.324495792388916016e-02 4.207147657871246338e-02 3.437339887022972107e-02 3.343903273344039917e-02 3.274117782711982727e-02 2.566015534102916718e-02 2.696851082146167755e-02 1.961391605436801910e-02
9.567849338054656982e-02 9.550417959690093994e-02 7.137049734592437744e-02 7.208869606256484985e-02 5.365075170993804932e-02 4.527207836508750916e-02 4.414035007357597351e-02 4.291544482111930847e-02 3.944613412022590637e-02 3.626292198896408081e-02 3.547238558530807495e-02 3.466589748859405518e-02 3.186407685279846191e-02 2.640453167259693146e-02 2.086103521287441254e-02
9.630395472049713135e-02 9.647715091705322266e-02 7.609368115663528442e-02 7.553640753030776978e-02 5.197736993432044983e-02 4.577609151601791382e-02 4.464434459805488586e-02 4.338996484875679016e-02 3.581456840038299561e-02 3.810299187898635864e-02 3.789803013205528259e-02 3.645616024732589722e-02 3.468708321452140808e-02 2.690904028713703156e-02 2.241663262248039246e-02
9.601618349552154541e-02 9.617597609758377075e-02 7.999020814895629883e-02 7.959780097007751465e-02 5.008491501212120056e-02 4.588222876191139221e-02 4.476747661828994751e-02 4.350581765174865723e-02 3.702805936336517334e-02 3.984855487942695618e-02 3.924323245882987976e-02 3.809955343604087830e-02 3.399200737476348877e-02 2.716889977455139160e-02 2.389463596045970917e-02
9.480180591344833374e-02 9.493086487054824829e-02 8.370369672775268555e-02 8.346465975046157837e-02 4.802897572517395020e-02 4.561243206262588501e-02 4.453076422214508057e-02 4.328300803899765015e-02 3.915574401617050171e-02 4.145459830760955811e-02 4.065229371190071106e-02 3.957686573266983032e-02 2.718950435519218445e-02 3.264637663960456848e-02 2.510292083024978638e-02
9.282176196575164795e-02 9.289832413196563721e-02 8.704145252704620361e-02 8.714856207370758057e-02 4.585839435458183289e-02 4.499689489603042603e-02 4.396329075098037720e-02 4.274796321988105774e-02 4.135835170745849609e-02 4.287679865956306458e-02 4.197975248098373413e-02 4.086346924304962158e-02 3.174053505063056946e-02 2.698689326643943787e-02 2.596681378781795502e-02
9.022483229637145996e-02 9.022635221481323242e-02 9.022638201713562012e-02 9.022480249404907227e-02 4.361773654818534851e-02 4.407157376408576965e-02 4.309977963566780090e-02 4.193082451820373535e-02 4.361777007579803467e-02 4.407156258821487427e-02 4.309974610805511475e-02 4.193076863884925842e-02 3.141438961029052734e-02 2.657905034720897675e-02 2.657900564372539520e-02
