2.806253135204315186e-01 1.827950179576873779e-01 1.817389130592346191e-01 1.867721229791641235e-01 1.867712587118148804e-01 1.867725104093551636e-01 1.867716908454895020e-01 1.633941978216171265e-01 1.495368331670761108e-01 1.476609408855438232e-01 1.476604044437408447e-01 0.000000000000000000e+00 0.000000000000000000e+00 0.000000000000000000e+00 0.000000000000000000e+00
2.720918357372283936e-01 1.826371848583221436e-01 1.569209992885589600e-01 1.826369315385818481e-01 1.826366186141967773e-01 1.826371848583221436e-01 1.826370805501937866e-01 1.826369166374206543e-01 1.450713276863098145e-01 1.450697481632232666e-01 1.450686901807785034e-01 0.000000000000000000e+00 0.000000000000000000e+00 0.000000000000000000e+00 0.000000000000000000e+00
2.508526146411895752e-01 1.709114462137222290e-01 1.480142921209335327e-01 1.709112375974655151e-01 1.709111928939819336e-01 1.709111332893371582e-01 1.709116250276565552e-01 1.709113419055938721e-01 1.373536735773086548e-01 1.373521536588668823e-01 1.373509317636489868e-01 0.000000000000000000e+00 0.000000000000000000e+00 0.000000000000000000e+00 0.000000000000000000e+00
2.217671424150466919e-01 1.533345133066177368e-01 1.346746236085891724e-01 1.533339917659759521e-01 1.533338129520416260e-01 1.533344686031341553e-01 1.533339917659759521e-01 1.533341407775878906e-01 1.256343126296997070e-01 1.256331652402877808e-01 1.256323605775833130e-01 0.000000000000000000e+00 0.000000000000000000e+00 0.000000000000000000e+00 0.000000000000000000e+00
1.904688328504562378e-01 1.187092885375022888e-01 1.320634037256240845e-01 1.320627629756927490e-01 1.320630460977554321e-01 1.320632398128509521e-01 1.320628970861434937e-01 1.320630759000778198e-01 1.114261373877525330e-01 1.114252284169197083e-01 1.114244386553764343e-01 0.000000000000000000e+00 0.000000000000000000e+00 0.000000000000000000e+00 0.000000000000000000e+00
1.606212258338928223e-01 1.020158231258392334e-01 1.091450303792953491e-01 1.091455593705177307e-01 1.091453954577445984e-01 1.091449186205863953e-01 1.091454401612281799e-01 1.091452240943908691e-01 9.621983021497726440e-02 9.621901810169219971e-02 9.621837735176086426e-02 0.000000000000000000e+00 0.000000000000000000e+00 0.000000000000000000e+00 0.000000000000000000e+00
1.334423869848251343e-01 8.208822458982467651e-02 8.208809047937393188e-02 8.621045202016830444e-02 8.650595694780349731e-02 8.650565147399902344e-02 8.650535345077514648e-02 8.650580793619155884e-02 8.650557696819305420e-02 8.650538325309753418e-02 8.121018111705780029e-02 0.000000000000000000e+00 0.000000000000000000e+00 0.000000000000000000e+00 0.000000000000000000e+00
1.084835454821586609e-01 8.354105800390243530e-02 8.354084938764572144e-02 7.220105081796646118e-02 6.731712073087692261e-02 6.719284504652023315e-02 6.731741875410079956e-02 6.731645017862319946e-02 6.731710582971572876e-02 6.719287484884262085e-02 6.719237565994262695e-02 0.000000000000000000e+00 0.000000000000000000e+00 0.000000000000000000e+00 0.000000000000000000e+00
8.298796415328979492e-02 8.546440303325653076e-02 8.298783004283905029e-02 5.985702201724052429e-02 5.481867864727973938e-02 5.481780320405960083e-02 5.481809750199317932e-02 0.000000000000000000e+00 0.000000000000000000e+00 0.000000000000000000e+00 0.000000000000000000e+00 0.000000000000000000e+00 0.000000000000000000e+00 0.000000000000000000e+00 0.000000000000000000e+00
7.959263026714324951e-02 7.959271967411041260e-02 6.714937090873718262e-02 6.259101629257202148e-02 6.259117275476455688e-02 4.957571253180503845e-02 4.831666871905326843e-02 0.000000000000000000e+00 0.000000000000000000e+00 0.000000000000000000e+00 0.000000000000000000e+00 0.000000000000000000e+00 0.000000000000000000e+00 0.000000000000000000e+00 0.000000000000000000e+00
7.276264578104019165e-02 7.276256382465362549e-02 7.276261597871780396e-02 7.276257127523422241e-02 5.604580044746398926e-02 5.604606866836547852e-02 4.821420460939407349e-02 0.000000000000000000e+00 0.000000000000000000e+00 0.000000000000000000e+00 0.000000000000000000e+00 0.000000000000000000e+00 0.000000000000000000e+00 0.000000000000000000e+00 0.000000000000000000e+00
