5.388662964105606079e-02 1.608207635581493378e-02 1.578080467879772186e-02 8.599146269261837006e-03 8.202965371310710907e-03 3.846553619951009750e-03 2.876812592148780823e-03 2.903932472690939903e-03 2.593058627098798752e-03 2.422700636088848114e-03 1.495607197284698486e-03 1.260254182852804661e-03 8.095673983916640282e-04 7.908114348538219929e-04 7.085810648277401924e-04
5.246208980679512024e-02 1.549709774553775787e-02 1.579361408948898315e-02 8.428419940173625946e-03 8.040019311010837555e-03 3.791777649894356728e-03 2.833729842677712440e-03 2.859815955162048340e-03 2.528594108298420906e-03 2.359557198360562325e-03 1.471754279918968678e-03 1.236559241078794003e-03 7.977926288731396198e-04 7.777423597872257233e-04 6.953342817723751068e-04
4.838098585605621338e-02 1.495759561657905579e-02 1.467407681047916412e-02 7.932763546705245972e-03 7.566247135400772095e-03 3.632046049460768700e-03 2.709843916818499565e-03 2.735694637522101402e-03 2.339296275749802589e-03 2.176466863602399826e-03 1.402043155394494534e-03 1.168094342574477196e-03 7.616251823492348194e-04 7.426559459418058395e-04 6.536285509355366230e-04
4.217695817351341248e-02 1.339131873100996017e-02 1.365745998919010162e-02 6.824750918895006180e-03 7.159760221838951111e-03 3.379577305167913437e-03 2.518818248063325882e-03 2.544164657592773438e-03 2.043480286374688148e-03 1.893171342089772224e-03 1.291029737330973148e-03 1.060441951267421246e-03 7.043462246656417847e-04 6.881093140691518784e-04 5.881351535208523273e-04
3.461135923862457275e-02 1.201746799051761627e-02 1.176618132740259171e-02 5.880961660295724869e-03 6.182374432682991028e-03 3.052925691008567810e-03 2.275998704135417938e-03 2.299580490216612816e-03 1.679957145825028419e-03 1.543214661069214344e-03 1.144879264757037163e-03 9.219800122082233429e-04 6.180018535815179348e-04 6.308107986114919186e-04 5.063791759312152863e-04
2.653663232922554016e-02 1.018413901329040527e-02 9.934398345649242401e-03 5.090677645057439804e-03 4.814536776393651962e-03 2.674460876733064651e-03 1.997135579586029053e-03 2.018063561990857124e-03 1.306045101955533028e-03 1.172312186099588871e-03 9.680892690084874630e-04 7.626679725944995880e-04 5.468527087941765785e-04 5.374828469939529896e-04 4.192393971607089043e-04
1.877852156758308411e-02 8.305263705551624298e-03 8.028065785765647888e-03 3.981571644544601440e-03 3.711483906954526901e-03 2.267242642119526863e-03 1.698391279205679893e-03 1.716766390018165112e-03 9.908016072586178780e-04 8.424536208622157574e-04 7.600239478051662445e-04 5.953958607278764248e-04 4.598801024258136749e-04 4.535725456662476063e-04 3.569339751265943050e-04
1.206722483038902283e-02 6.510325707495212555e-03 6.147874984890222549e-03 2.948118140920996666e-03 2.661073347553610802e-03 1.850397326052188873e-03 1.394463586620986462e-03 1.412884565070271492e-03 7.800449384376406670e-04 6.556546431966125965e-04 6.039928412064909935e-04 5.176823469810187817e-04 4.393301787786185741e-04 4.025276866741478443e-04 3.735003701876848936e-04
7.042383775115013123e-03 4.897417500615119934e-03 4.304222296923398972e-03 2.077727578580379486e-03 1.777596189640462399e-03 1.431243028491735458e-03 1.136662322096526623e-03 1.106881885789334774e-03 9.702751412987709045e-04 8.881097892299294472e-04 5.635576671920716763e-04 4.736951959785073996e-04 4.406855150591582060e-04 3.878126444760710001e-04 3.651677689049392939e-04
4.150005988776683807e-03 3.531144931912422180e-03 2.481489675119519234e-03 1.734345802105963230e-03 1.574596739374101162e-03 1.325319753959774971e-03 1.175702898763120174e-03 9.394441731274127960e-04 8.362626540474593639e-04 7.565240375697612762e-04 6.128467503003776073e-04 5.628193030133843422e-04 5.074605578556656837e-04 4.374457639642059803e-04 3.581983328331261873e-04
2.725636586546897888e-03 2.673623617738485336e-03 2.439520554617047310e-03 2.326735761016607285e-03 1.345605822280049324e-03 1.154303085058927536e-03 9.813110809773206711e-04 8.219450246542692184e-04 7.672846550121903419e-04 7.651067571714520454e-04 5.874854978173971176e-04 6.712154136039316654e-04 6.843500887043774128e-04 3.633625165093690157e-04 3.198161721229553223e-04
