4.070786237716674805e-01 1.152921691536903381e-01
3.518185913562774658e-01 1.114398390054702759e-01
2.662974596023559570e-01 1.008672043681144714e-01
1.928022354841232300e-01 8.610612154006958008e-02
1.344891637563705444e-01 6.987503170967102051e-02
8.934687077999114990e-02 5.424011871218681335e-02
5.516019091010093689e-02 4.041260480880737305e-02
3.018224611878395081e-02 2.891692519187927246e-02
1.983568258583545685e-02 1.315900497138500214e-02
1.301240827888250351e-02 5.812923423945903778e-03
7.844240404665470123e-03 8.508821949362754822e-03
