4.834847524762153625e-02 4.834854602813720703e-02
4.709387570619583130e-02 4.709403589367866516e-02
4.353258013725280762e-02 4.353262856602668762e-02
3.820853680372238159e-02 3.820859640836715698e-02
3.185590356588363647e-02 3.185603767633438110e-02
2.523133344948291779e-02 2.523141354322433472e-02
1.898619160056114197e-02 1.898623444139957428e-02
1.358670834451913834e-02 1.358675304800271988e-02
9.268146008253097534e-03 9.268190711736679077e-03
6.045107729732990265e-03 6.045150570571422577e-03
4.059767816215753555e-03 4.059711936861276627e-03
