3.857629299163818359e-01 1.098655536770820618e-01
3.245950639247894287e-01 1.062338650226593018e-01
2.446965128183364868e-01 9.592784941196441650e-02
1.768486201763153076e-01 8.162268996238708496e-02
1.232602223753929138e-01 6.599775701761245728e-02
8.186715096235275269e-02 5.104276910424232483e-02
5.055962875485420227e-02 3.789195045828819275e-02
2.770435065031051636e-02 2.701306156814098358e-02
1.845785975456237793e-02 1.213847659528255463e-02
1.205779332667589188e-02 5.447857547551393509e-03
7.858045399188995361e-03 7.233005948364734650e-03
