2.465614229440689087e-01 1.448352485895156860e-01
2.300034761428833008e-01 1.384995877742767334e-01
1.917211264371871948e-01 1.221324950456619263e-01
1.492803692817687988e-01 1.001930162310600281e-01
1.113347783684730530e-01 7.712490856647491455e-02
8.026640862226486206e-02 5.580530315637588501e-02
5.599128082394599915e-02 3.767189010977745056e-02
3.765828534960746765e-02 2.327784523367881775e-02
2.426201477646827698e-02 1.274420693516731262e-02
1.487964671105146408e-02 6.370661314576864243e-03
9.539663791656494141e-03 7.585153914988040924e-03
