7.459019124507904053e-02 7.218288630247116089e-02 4.008736088871955872e-02 4.015090316534042358e-02 4.084165394306182861e-02
7.220593094825744629e-02 7.220577448606491089e-02 3.914828225970268250e-02 3.914834558963775635e-02 3.982731699943542480e-02
6.554339826107025146e-02 6.554324179887771606e-02 3.694233670830726624e-02 3.694234788417816162e-02 3.629213944077491760e-02
5.585901066660881042e-02 5.585910007357597351e-02 3.261402621865272522e-02 3.199027106165885925e-02 3.261401876807212830e-02
4.470415040850639343e-02 4.470408707857131958e-02 2.742168679833412170e-02 2.742170169949531555e-02 2.678999304771423340e-02
3.351794183254241943e-02 3.351799026131629944e-02 2.196292020380496979e-02 2.196285501122474670e-02 2.124246023595333099e-02
2.345298044383525848e-02 2.345300093293190002e-02 1.674799434840679169e-02 1.674798503518104553e-02 1.578308083117008209e-02
1.539906859397888184e-02 1.539904344826936722e-02 1.214384566992521286e-02 1.214386615902185440e-02 1.063360925763845444e-02
9.822001680731773376e-03 9.821983054280281067e-03 8.360962383449077606e-03 8.360967040061950684e-03 6.012314930558204651e-03
6.215274799615144730e-03 6.215274333953857422e-03 5.475330166518688202e-03 5.475325044244527817e-03 2.843966707587242126e-03
3.887626808136701584e-03 4.085246939212083817e-03 4.085233900696039200e-03 3.887625876814126968e-03 3.079323330894112587e-03
